uuid,title,description,keywords,snippet,url,image_url,language,published_at,source,relevance_score,type,industry,match_score,sentiment_score
bd990e07-b18c-4e8d-ae8e-5bc53f98400f,UBS sees challenging backdrop for media & entertainment sector in H2 (NASDAQ:NFLX),UBS on Monday said it continued to see a challenging backdrop for the media and entertainment sector in H2 2023. Read more here.,,"UBS on Monday said it continued to see a challenging backdrop for the media and entertainment sector in H2 2023, citing ""sustained pressures"" on television, min...",https://seekingalpha.com/news/4006887-ubs-continues-to-see-challenging-backdrop-for-media-entertainment-sector-in-h2,https://static.seekingalpha.com/cdn/s3/uploads/getty_images/1495890321/image_1495890321.jpg?io=getty-c-w750,en,2023-08-28T22:00:00.000000Z,seekingalpha.com,,equity,Communication Services,42.65726,0.525725
e07445bf-1913-48a0-9eb7-e5228c924dde,Netflix (NFLX) Gains But Lags Market: What You Should Know,"Netflix (NFLX) closed the most recent trading day at $418.06, moving +0.49% from the previous trading session.","stock, stocks, investment, investment advice, investing, online trading, online investment, online stock trading, stock market, financial, financial planning, quote, quotes, stock quotes","This page has not been authorized, sponsored, or otherwise approved or endorsed by the companies represented herein. Each of the company logos represented herei...",https://www.zacks.com/stock/news/2141589/netflix-nflx-gains-but-lags-market-what-you-should-know?cid=CS-ZC-FT-tale_of_the_tape|yseop_template_6-2141589,https://staticx-tuner.zacks.com/images/default_article_images/default144.jpg,en,2023-08-28T21:45:13.000000Z,zacks.com,,equity,Communication Services,27.518898,-0.0258
8bac7d9a-3072-4d36-9c0a-7020e953523b,"Monday’s Top Analyst Upgrades and Downgrades: Chewy, Dollar Tree, GE Healthcare, Netflix, Nordstrom, Palo Alto Networks and More – 24","Monday's top analyst upgrades and downgrades included Abercrombie & Fitch, Affirm, APA, Chewy, Ciena, Digital Realty Trust, Dollar Tree, Fidelity National Information Services, GE Healthcare Technologies, Netflix, Nordstrom, Palo Alto Networks, Western Alliance Bancorp and Workday.",,"Monday's Top Analyst Upgrades and Downgrades: Chewy, Dollar Tree, GE Healthcare, Netflix, Nordstrom, Palo Alto Networks and More

The futures traded higher to s...",https://247wallst.com/investing/2023/08/28/mondays-top-upgrades-and-downgrades-affirm-apa-chewy-ciena-digital-realty-trust-dollar-tree-ge-healthcare-technologies-netflix-nordstrom-palo-alto-networks-western-alliance-bancorp/,https://247wallst.com/wp-content/uploads/2020/04/imageForEntry1-Qgh.jpg,en,2023-08-28T12:46:57.000000Z,247wallst.com,,equity,Communication Services,20.153633,0.0
2f6f31ef-8eea-4120-8cbb-ba4ff7c55282,Peloton Falls Short As It Continues To Work on Rebranding and Expanding - Peloton Interactive (NASDAQ:PTON),"Last Wednesday, Peloton Interactive Inc (NASDAQ: PTON) posted a wider-than-expected loss and quarterly drop in subscribers greatly due to Bike recall that costed the fitness company more. Shares plunged 22% in response.",,"Last Wednesday, Peloton Interactive Inc PTON posted a wider-than-expected loss and quarterly drop in subscribers greatly due to Bike recall that costed the fitn...",https://www.benzinga.com/23/08/34077528/peloton-falls-short-as-it-continues-to-work-on-rebranding-and-expanding,https://cdn.benzinga.com/files/portrait-young-sportive-girl-training-with-dumbbells-isolated-blue-background-neon.jpg?width=1200&height=800&fit=crop,en,2023-08-28T20:18:06.000000Z,benzinga.com,,equity,Communication Services,14.438934666666668,0.3321
bb83d584-efa3-4ed2-a1a3-9fb555fc78af,"Meta, Alphabet and 10 under-the-radar media stocks expected to soar","Many media companies are struggling with massive debt loads, but some industry stocks are favored by analysts to rise by double digits over the next year.","article_normal, Electrical Components/Equipment, Industrial Electrical Equipment, Lodgings/Restaurants/Bars, Restaurants/Caterers, Lodgings, Hotels/Motels, Rail Transport, Telecommunication Services, Integrated Communications Providers, Digital Marketing Services, Computer Services, IT Support Services, Market Research/Public Relations, Public Relations, Internet Search Engines, Multimedia Content Services, Broadcasting, Cable Broadcasting, Advertising/Marketing/Public Relations, Business/Consumer Services, Freight Transport/Logistics, Media Content Distribution, Industrial Electronics, Industrial Goods, Internet/Online Services, Leisure/Arts/Hospitality, Marketing Services, Media, Streaming Services, Land Transport, Rail Freight Transport, Social Media Platforms/Tools, Technology, Tourism, Transportation/Logistics, Analysts' Comments/Recommendations, Corporate/Industrial News, Political/General News, Personal Finance, Equity Markets, Debt/Bond Markets, Commodity/Financial Market News, Content Types, Commentary/Opinion, Factiva Filters, C&E Exclusion Filter, C&E Executive News Filter, Walt Disney Co., DIS, AT&T Inc., T, Verizon Communications Inc., VZ, Alphabet Inc. Cl C, GOOG, Meta Platforms Inc., META, analysts' comments, recommendations, corporate, industrial news, political, general news, personal finance, equity markets, debt, bond markets, commodity, financial market news, content types, commentary, opinion, factiva filters, c&e exclusion filter, c&e executive news filter, electrical components, equipment, industrial electrical equipment, lodgings, restaurants, bars, caterers, hotels, motels, rail transport, telecommunication services, integrated communications providers, digital marketing services, computer services, it support services, market research, public relations, internet search engines, multimedia content services, broadcasting, cable broadcasting, advertising, marketing, business, consumer services, freight transport, logistics, media content distribution, industrial electronics, industrial goods, internet, online services, leisure, arts, hospitality, marketing services, media, streaming services, land transport, rail freight transport, social media platforms, tools, technology, tourism, transportation","The media landscape is going through a difficult transition, and it isn’t only because streaming is such a tricky business.

Companies such as Walt Disney Co....",https://www.marketwatch.com/story/meta-alphabet-and-10-under-the-radar-media-stocks-expected-to-soar-14cf5c4a,https://images.mktw.net/im-842991/social,en,2023-08-28T13:25:00.000000Z,marketwatch.com,,equity,Communication Services,12.068272833333333,-0.15006699999999998
8510ae79-380f-4f7f-9761-48d9b6363c56,"Meta, Alphabet and 10 under-the-radar media stocks expected to soar","Many media companies are struggling with massive debt loads, but some industry stocks are favored by analysts to rise by double digits over the next year.","article_normal, Electrical Components/Equipment, Industrial Electrical Equipment, Lodgings/Restaurants/Bars, Restaurants/Caterers, Lodgings, Hotels/Motels, Rail Transport, Telecommunication Services, Integrated Communications Providers, Digital Marketing Services, Computer Services, IT Support Services, Market Research/Public Relations, Public Relations, Internet Search Engines, Multimedia Content Services, Broadcasting, Cable Broadcasting, Advertising/Marketing/Public Relations, Business/Consumer Services, Freight Transport/Logistics, Media Content Distribution, Industrial Electronics, Industrial Goods, Internet/Online Services, Leisure/Arts/Hospitality, Marketing Services, Media, Streaming Services, Land Transport, Rail Freight Transport, Social Media Platforms/Tools, Technology, Tourism, Transportation/Logistics, Analysts' Comments/Recommendations, Corporate/Industrial News, Political/General News, Personal Finance, Equity Markets, Debt/Bond Markets, Commodity/Financial Market News, Content Types, Commentary/Opinion, Factiva Filters, C&E Exclusion Filter, C&E Executive News Filter, Walt Disney Co., DIS, AT&T Inc., T, Verizon Communications Inc., VZ, Alphabet Inc. Cl C, GOOG, Meta Platforms Inc., META, analysts' comments, recommendations, corporate, industrial news, political, general news, personal finance, equity markets, debt, bond markets, commodity, financial market news, content types, commentary, opinion, factiva filters, c&e exclusion filter, c&e executive news filter, electrical components, equipment, industrial electrical equipment, lodgings, restaurants, bars, caterers, hotels, motels, rail transport, telecommunication services, integrated communications providers, digital marketing services, computer services, it support services, market research, public relations, internet search engines, multimedia content services, broadcasting, cable broadcasting, advertising, marketing, business, consumer services, freight transport, logistics, media content distribution, industrial electronics, industrial goods, internet, online services, leisure, arts, hospitality, marketing services, media, streaming services, land transport, rail freight transport, social media platforms, tools, technology, tourism, transportation","The media landscape is going through a difficult transition, and it isn’t only because streaming is such a tricky business.

Companies such as Walt Disney Co....",https://www.marketwatch.com/story/meta-alphabet-and-10-under-the-radar-media-stocks-expected-to-soar-14cf5c4a?g=%7BE537E91A-A635-4B35-8795-86BFA92BAEC2%7D&siteid=bulletrss,https://images.mktw.net/im-842991/social,en,2023-08-28T13:58:20.000000Z,marketwatch.com,,equity,Communication Services,12.067758666666668,-0.15006699999999998
9387df26-ebc6-43d8-a43e-1f37720fb3d2,Relentless Mediocrity Is Killing ‘Star Wars’ But It Doesn’t Have To Be This Way,I may write a second article using the headline I was intending to use for this piece: Andor Has Ruined Star Wars For Me.,"Star Wars, Mediocrity Is Killing 'Star Wars, WandaVision, Hollywood, Netflix monopoly, streaming industry unsustainable, problems with Marvel, Secret Invasion, Ahsoka, Andor Star Wars","Star Wars has lost its way. Credit: Disney / Lucasfilm

Star Wars has lost its way. I think it lost its way long before Disney acquired LucasFilm, though the si...",https://www.forbes.com/sites/erikkain/2023/08/28/relentless-mediocrity-is-killing-star-wars-but-it-doesnt-have-to-be-this-way/,https://imageio.forbes.com/specials-images/imageserve/6331f31e14ca52f85444b12e/0x0.jpg?format=jpg&width=1200,en,2023-08-28T12:00:00.000000Z,forbes.com,,equity,Communication Services,11.057241833333334,0.19241700000000003
c2ea2f5d-48c9-4e12-abac-dd1445d23ec6,"Disney: At 9-Year Lows, I Still Believe It Is Going Lower (NYSE:DIS)",The Walt Disney Company's stock is at nine-year lows. Click here to find out why I believe DIS stock is going lower and read 5 reasons.,,"JHVEPhoto

Before we begin, let's play a little game.

What's the first thing (or word) that comes to your mind when I mention the subject of this article, The ...",https://seekingalpha.com/article/4631473-disney-at-nine-year-lows-i-still-believe-it-is-going-lower,https://static.seekingalpha.com/cdn/s3/uploads/getty_images/1445766832/image_1445766832.jpg?io=getty-c-w1536,en,2023-08-28T13:00:00.000000Z,seekingalpha.com,,equity,Communication Services,8.309158833333333,-0.2023
8795740d-2b3f-476f-be9d-607f36bcd8a4,Pixelworks Enables Transcending Visual Display on realme GT5 Smartphone,"/PRNewswire/ -- Pixelworks, Inc. (NASDAQ: PXLW), a leading provider of visual processing solutions, and realme, one of the fastest growing smartphone brands,...","Pixelworks, Inc.","Powerful Display Capability and Meticulous Visual Quality Enhancement Fully Capture the Best of Virtual and Real Worlds

SHANGHAI, Aug. 28, 2023 /PRNewswire/ --...",https://www.prnewswire.com/news-releases/pixelworks-enables-transcending-visual-display-on-realme-gt5-smartphone-301910218.html,https://mma.prnewswire.com/media/1154785/Pixelworks.jpg?p=facebook,en,2023-08-28T08:00:00.000000Z,prnewswire.com,,equity,Communication Services,6.110189,0.0
9276dc27-04b5-4fea-aa22-7f3da8aa5836,Netflix Stock: 5 Reasons To Be Bullish (NASDAQ:NFLX),Netflix is up 41% YTD but has lost about 15% from its recent high of $485. Find out 5 reasons to be bullish on NFLX stock.,,"Mario Tama

Netflix, Inc. (NASDAQ:NFLX) stock is up 41% YTD but has lost about 15% from its recent high of $485. The market seems to be having an on-off, love-h...",https://seekingalpha.com/article/4631699-netflix-5-reasons-to-be-bullish,https://static.seekingalpha.com/cdn/s3/uploads/getty_images/1556841634/image_1556841634.jpg?io=getty-c-w1536,en,2023-08-29T12:28:16.000000Z,seekingalpha.com,,equity,Communication Services,34.440174000000006,0.274809
5b3433b7-de58-49ca-b82a-ba9a135f3e9f,Netflix Stock: Rally Far From Being Over (NASDAQ:NFLX),"Netflix's stock has gained almost 29% since my first call, outperforming the broad market. Read more about NFLX here.",,"JasonDoiy/iStock Unreleased via Getty Images

Investment thesis

My first article about Netflix (NASDAQ:NFLX) stock aged really well, with the stock price gaini...",https://seekingalpha.com/article/4631686-netflix-rally-far-from-being-over,https://static.seekingalpha.com/cdn/s3/uploads/getty_images/1268361545/image_1268361545.jpg?io=getty-c-w1536,en,2023-08-29T14:00:00.000000Z,seekingalpha.com,,equity,Communication Services,61.317703,0.441827
27b28275-cdec-4d60-9468-a336edad2bf0,Netflix co-CEO to Present at the Goldman Sachs Communacopia + Technology Conference,"/PRNewswire/ -- Netflix, Inc. (Nasdaq: NFLX) announced today that Greg Peters, co-CEO, will present at the Goldman Sachs Communacopia + Technology Conference...","Netflix, Inc.","LOS GATOS, Calif., Aug. 29, 2023 /PRNewswire/ -- Netflix, Inc. (Nasdaq: NFLX) announced today that Greg Peters, co-CEO, will present at the Goldman Sachs Commun...",https://www.prnewswire.com/news-releases/netflix-co-ceo-to-present-at-the-goldman-sachs-communacopia--technology-conference-301911589.html,https://mma.prnewswire.com/media/133154/netflix__inc__logo.jpg?p=facebook,en,2023-08-29T16:00:00.000000Z,prnewswire.com,,equity,Communication Services,38.75506633333334,0.209
ecdc268b-59f8-414a-85b3-b77b94135cd6,"After a wave of layoffs, tech is hiring for AI jobs","Following a round of spring cleaning that resulted in more than 120,000 layoffs, employers are beefing up staff with specialists in AI and machine learning.","article_normal, ai, Computers/Consumer Electronics, Software, Applications Software, Artificial Intelligence Technologies, Market Research/Public Relations, Public Relations, Real Estate Services/Transactions, Advertising/Marketing/Public Relations, Business/Consumer Services, Computing, Real Estate/Construction, Customer Relationship Management Software, Enterprise Management Software, Real Estate, Technology, Capacity/Facilities, Labor/Personnel, Automation, Corporate/Industrial News, Recruitment, Lay-offs/Redundancies, Artificial Intelligence/Machine Learning, Political/General News, Computer Science, Sciences/Humanities, Content Types, Factiva Filters, C&E Industry News Filter, AI, Netflix Inc., NFLX, Salesforce Inc., CRM, capacity, facilities, labor, personnel, automation, corporate, industrial news, recruitment, lay-offs, redundancies, artificial intelligence, machine learning, political, general news, computer science, sciences, humanities, content types, factiva filters, c&e industry news filter, computers, consumer electronics, software, applications software, artificial intelligence technologies, market research, public relations, real estate services, transactions, advertising, marketing, business, consumer services, computing, real estate, construction, customer relationship management software, enterprise management software, technology","Tech workers fearful they’ll be displaced by artificial intelligence are now lining up for AI jobs.

Following a round of spring cleaning that resulted in mor...",https://www.marketwatch.com/story/after-a-wave-of-layoffs-tech-is-hiring-for-ai-jobs-c19362?g=%7B42C43018-344C-4BDE-AF67-F8B116902D0E%7D&siteid=bulletrss,https://images.mktw.net/im-843717/social,en,2023-08-29T18:16:45.000000Z,marketwatch.com,,equity,Communication Services,15.756506166666668,-0.062733
24aaec36-59b3-4e23-833c-4f30e8f68802,"After a wave of layoffs, tech is hiring for AI jobs","Following a round of spring cleaning that resulted in more than 120,000 layoffs, employers are beefing up staff with specialists in AI and machine learning.","article_normal, ai, Computers/Consumer Electronics, Software, Applications Software, Artificial Intelligence Technologies, Market Research/Public Relations, Public Relations, Real Estate Services/Transactions, Advertising/Marketing/Public Relations, Business/Consumer Services, Computing, Real Estate/Construction, Customer Relationship Management Software, Enterprise Management Software, Real Estate, Technology, Capacity/Facilities, Labor/Personnel, Automation, Corporate/Industrial News, Recruitment, Lay-offs/Redundancies, Artificial Intelligence/Machine Learning, Political/General News, Computer Science, Sciences/Humanities, Content Types, Factiva Filters, C&E Industry News Filter, AI, Netflix Inc., NFLX, Salesforce Inc., CRM, capacity, facilities, labor, personnel, automation, corporate, industrial news, recruitment, lay-offs, redundancies, artificial intelligence, machine learning, political, general news, computer science, sciences, humanities, content types, factiva filters, c&e industry news filter, computers, consumer electronics, software, applications software, artificial intelligence technologies, market research, public relations, real estate services, transactions, advertising, marketing, business, consumer services, computing, real estate, construction, customer relationship management software, enterprise management software, technology","Tech workers fearful they’ll be displaced by artificial intelligence are now lining up for AI jobs.

Following a round of spring cleaning that resulted in mor...",https://www.marketwatch.com/story/after-a-wave-of-layoffs-tech-is-hiring-for-ai-jobs-c19362,https://images.mktw.net/im-843717/social,en,2023-08-29T17:29:00.000000Z,marketwatch.com,,equity,Communication Services,15.756338833333336,-0.062733
6fbae7b3-c034-430f-8589-f5e36aaa0ed7,"Isha Ambani, Akash Ambani, Anant Ambani: What we know about scions that will take over Reliance",India Business News: Mukesh Ambani elevated his three children as non-executive directors to Reliance’s board and said he will spend the next five years of his chairmanshi,"Business news, reliance, mukesh ambani, isha ambani, anant ambani, akash ambani","Isha

Akash

Anant

NEW DELHI: Asia’s richest man Mukesh Ambani took another step on Monday to lay out a succession plan at Reliance Industries Ltd.The 66-yea...",https://timesofindia.indiatimes.com/business/india-business/isha-ambani-akash-ambani-anant-ambani-what-we-know-about-scions-that-will-take-over-reliance/articleshow/103168464.cms,"https://static.toiimg.com/thumb/msid-103168405,width-1070,height-580,imgsize-63654,resizemode-75,overlay-toi_sw,pt-32,y_pad-40/photo.jpg",en,2023-08-29T08:54:02.000000Z,timesofindia.indiatimes.com,,equity,Communication Services,12.390665833333335,0.3818
1cbfec65-7988-4a47-a0fb-f3126ce098c2,THE VIDEO WORLD IS GROWING FAST: THE LONGTAIL OF CTV EXPANDS ITS REACH,"/PRNewswire/ -- Comscore, Inc. (Nasdaq: SCOR), a global, trusted partner for planning, transacting and evaluating media, today released its 7th annual State of...","Comscore, Inc., Entertainment, Television, Multimedia & Internet, Advertising, Trade Show News, Surveys, Polls and Research","FAST and Targeted Programming Consumption Accelerates, According to Comscore's 2023 State of Streaming Report

RESTON, Va., Aug. 29, 2023 /PRNewswire/ -- Comsco...",https://www.prnewswire.com/news-releases/the-video-world-is-growing-fast-the-longtail-of-ctv-expands-its-reach-301912510.html,https://mma.prnewswire.com/media/2196647/Comscore_Streaming_Report.jpg?p=facebook,en,2023-08-29T12:42:00.000000Z,prnewswire.com,,equity,Communication Services,9.814016,0.6369
130c133a-d46c-402c-9d51-dc39bd3455eb,Top Performing Leveraged/Inverse ETFs: 08/27/2023,"These were last week’s top performing leveraged and inverse ETFs. Note that because of leverage, these kinds of funds can move quickly.",,"Top Performing Levered/Inverse ETFs Last Week

These were last week’s top performing leveraged and inverse ETFs. Note that because of leverage, these kinds of...",https://www.etftrends.com/leveraged-inverse-channel/top-performing-leveraged-inverse-etfs-08-27-2023/,https://www.etftrends.com/wp-content/uploads/2023/05/Top-Performing-LeveragedInverse-ETFs-1.png,en,2023-08-29T21:24:05.000000Z,etftrends.com,,equity,Communication Services,9.392015,0.8591
34547c9a-65cb-42a9-87c2-5221b5c00349,What We Know About Scions That Will Take Over Reliance,Asia’s richest man Mukesh Ambani took another step on Monday to lay out a succession plan at Reliance Industries Ltd.,,"This advertisement has not loaded yet, but your article continues below.

'Cash stuffing' offers path to savings with fresh take on an old budgeting trick

'Not...",https://financialpost.com/pmn/business-pmn/what-we-know-about-scions-that-will-take-over-reliance,https://smartcdn.gprod.postmedia.digital/financialpost/wp-content/uploads/2023/08/775334636.jpg,en,2023-08-29T08:38:25.000000Z,financialpost.com,,equity,Communication Services,8.817127666666668,0.7579000000000001
2cce9dac-49c2-4132-9a01-24212fe0823f,Netflix Unusual Options Activity For August 30 - Netflix (NASDAQ:NFLX),,,"A whale with a lot of money to spend has taken a noticeably bearish stance on Netflix.

Looking at options history for Netflix NFLX we detected 14 strange trade...",https://www.benzinga.com/markets/options/23/08/34116549/netflix-unusual-options-activity-for-august-30,https://cdn.benzinga.com/files/images/story/2023/movers_image_1.jpeg?width=1200&height=800&fit=crop,en,2023-08-30T14:17:48.000000Z,benzinga.com,,equity,Communication Services,65.93923,0.324163
aa228430-20ec-4a30-8bf8-c5e009461f11,Wells Fargo 'likes' Netflix stock setup By Investing.com,Wells Fargo 'likes' Netflix stock setup,,"Published Aug 30, 2023 09:31AM ET

© Reuters. Wells Fargo 'likes' Netflix (NFLX) stock setup

NFLX -0.06% Add to/Remove from Watchlist

Wells Fargo analysts re...",https://www.investing.com/news/stock-market-news/wells-fargo-likes-netflix-stock-setup-432SI-3164407,https://i-invdn-com.investing.com/news/LYNXNPED7G1M3_L.jpg,en,2023-08-30T13:28:06.000000Z,investing.com,,equity,Communication Services,28.19942,0.448825
9c63ceb9-2be4-4b86-a167-3c50e7fba72f,Communications Services Up on Streaming Service Optimism -- Communications Services Roundup,"Communications services companies ticked up amid optimism for streaming-service growth. 

  Netflix and Paramount Global were among the streaming companies on the rise. Warner Discovery, CNN's...",Markets,"Netflix, Inc. specializes in on-line broadcasting services for films and television series provided continuously by subscription. Members pay a monthly fee for ...",https://www.marketscreener.com/quote/stock/NETFLIX-INC-44292425/news/Communications-Services-Up-on-Streaming-Service-Optimism-Communications-Services-Roundup-44735821/,https://www.marketscreener.com/images/twitter_MS_fdnoir.png,en,2023-08-30T21:16:02.000000Z,marketscreener.com,,equity,Communication Services,23.294146166666664,0.1594
81495d74-cd50-475e-8cbb-2bbe53e0a372,Halloween Creeps A Little Closer: Seasonal Supply Chains Accelerate,"Retailers are preparing for Halloween sales earlier than ever, in part due to concerns about a downturn in consumer spending.",,"Elena Bereberdina

Retailers are preparing for Halloween sales earlier than ever, in part due to concerns about a downturn in consumer spending. That's led to e...",https://seekingalpha.com/article/4631917-halloween-creeps-a-little-closer-seasonal-supply-chains-accelerate,https://static.seekingalpha.com/cdn/s3/uploads/getty_images/1333034803/image_1333034803.jpg?io=getty-c-w1536,en,2023-08-30T06:20:00.000000Z,seekingalpha.com,,equity,Communication Services,15.297192500000001,0.22629999999999997
1c8e0f71-e54a-4e5b-9a3d-76798529354c,How to Capitalize on Netflix's Accelerating Recovery,"Stocks Analysis by MarketBeat.com (Sam Quirke) covering: Netflix Inc, Netflix Inc, Netflix Inc DRC, COMMERZBANK AG Call 92 USD Netflix Inc 31Dec99. Read MarketBeat.com (Sam Quirke)'s latest article on Investing.com",,"NFLX +2.85% Add to/Remove from Watchlist

Shares are up 160% from last year's low.

Improving fundamentals supports the case for further gains.

Opportunities t...",https://www.investing.com/analysis/how-to-capitalize-on-netflixs-accelerating-recovery-200641428,https://i-invdn-com.investing.com/redesign/images/seo/investingcom_analysis_og.jpg,en,2023-08-30T12:47:00.000000Z,investing.com,,equity,Communication Services,12.229395,0.71238
7cd60713-eca0-4287-8ee7-34db7564cf71,"Netflix, Inc. (NFLX) is Attracting Investor Attention: Here is What You Should Know","Netflix (NFLX) has received quite a bit of attention from Zacks.com users lately. Therefore, it is wise to be aware of the facts that can impact the stock's prospects.","stock, stocks, investment, investment advice, investing, online trading, online investment, online stock trading, stock market, financial, financial planning, quote, quotes, stock quotes","This page has not been authorized, sponsored, or otherwise approved or endorsed by the companies represented herein. Each of the company logos represented herei...",https://www.zacks.com/stock/news/2142878/netflix-inc-nflx-is-attracting-investor-attention-here-is-what-you-should-know?cid=CS-ZC-FT-tale_of_the_tape|most_searched_stocks-2142878,https://staticx-tuner.zacks.com/images/default_article_images/default54.jpg,en,2023-08-31T13:00:10.000000Z,zacks.com,,equity,Communication Services,53.19038633333332,0.47670000000000007
671a38a7-1f41-469f-9a9a-a80ff7e3cfb5,No end in sight? New attempt by Hollywood CEOs to resolve strikes (NYSE:DIS),"Things are getting rocky over in Hollywood.Reports suggest that a high-profile meeting between Amazon Studios (AMZN), Disney (DIS), Netflix (NFLX), Universal (CMCSA) and Warner...",,"Things are getting rocky over in Hollywood.

Reports suggest that a high-profile meeting between Amazon Studios (NASDAQ:AMZN), Disney (NYSE:DIS), Netflix (NASDA...",https://seekingalpha.com/news/4007836-no-end-in-sight-new-attempt-by-hollywood-ceos-to-resolve-strikes,https://static.seekingalpha.com/cdn/s3/uploads/getty_images/1548600135/image_1548600135.jpg?io=getty-c-w750,en,2023-08-31T09:10:52.000000Z,seekingalpha.com,,equity,Communication Services,22.424385,0.1531
902d5282-3fa4-45d7-b872-582f5a49b99b,"With XOMO, YieldMax Writes Call Options on Exxon Mobil",The YieldMax XOM Option Income Strategy ETF seeks to generate monthly income by selling/writing call options on Exxon Mobil Corp.,,YieldMax has expanded its fund lineup with the launch of the YieldMax XOM Option Income Strategy ETF (NYSE Arca: XOMO) . The actively managed fund seeks to gene...,https://www.etftrends.com/xomo-yieldmax-writes-call-options-exxon-mobil/,https://www.etftrends.com/wp-content/uploads/2023/08/With-XOMO-YieldMax-Writes-Call-Options-on-Exxon-Mobil.jpg,en,2023-08-31T17:06:45.000000Z,etftrends.com,,equity,Communication Services,16.536695999999996,0.44039999999999996
a40a49e8-e444-4193-b45e-ca965c13d8bc,Morning Reads,Morning Reads,,"Morning reads

Todays Open Interest Change

PREMIUM

Prepper

Idalia has come and gone, with heavy rainfall, winds, flooding and local residents continuing to a...",https://www.optionmillionaires.com/morning-reads-313/,https://cdn.discordapp.com/attachments/140294154902175745/1146770175836815370/image.png,en,2023-08-31T12:09:21.000000Z,optionmillionaires.com,,equity,Communication Services,15.035806,0.1531
c8bc661c-f2d3-4e94-ba3c-5c2a4e626056,Wall Street Breakfast: Like A Hurricane,"This article discusses Hurricane Idalia, the latest tech earnings and a high-profile meeting in Hollywood. Read more here.",,"Like a hurricane

Idalia has come and gone, with heavy rainfall, winds, flooding and local residents continuing to assess the damage. It made landfall Wednesday...",https://seekingalpha.com/article/4632248-wall-street-breakfast-like-hurricane,https://static.seekingalpha.com/cdn/s3/uploads/getty_images/1635586547/image_1635586547.jpg?io=getty-c-w1536,en,2023-08-31T11:27:09.000000Z,seekingalpha.com,,equity,Communication Services,14.12566,0.1531
dccc8593-c374-4a13-b2a6-caed537ed601,Netflix Inc (NFLX): A Deep Dive into Its Financial Metrics and Competitive Strengths,"Netflix Inc (NFLX) has recently been in the spotlight, drawing interest from investors and financial analysts due to its robust financial stance. With shares cu","GuruFocus, Article, News, GuruFocus Research, NFLX","Netflix Inc ( NFLX, Financial) has recently been in the spotlight, drawing interest from investors and financial analysts due to its robust financial stance. Wi...",https://www.gurufocus.com/news/2076994/netflix-inc-nflx-a-deep-dive-into-its-financial-metrics-and-competitive-strengths,https://static.gurufocus.com/images/global_logo_twitter_card.png,en,2023-09-01T16:05:35.000000Z,gurufocus.com,,equity,Communication Services,52.123336333333334,0.726391
21949d86-14e2-4356-819a-b0fece1a617f,Fall In Love With These 6 Netflix Titles In September,It's all about love over at Netflix in September! Here are six series and movies that are all about finding that needle in a haystack.,"Fall In Love, Netflix, Chris Coelen, Céline Dion, Jim Strouse","Haley Lu Richardson and Ben Hardy in 'Love at First Sight' on Netflix. © 2023 Netflix, Inc.

Love is a subject that never gets old. Finding it, keeping it, los...",https://www.forbes.com/sites/danafeldman/2023/09/01/fall-in-love-with-these-6-netflix-titles-in-september/,https://imageio.forbes.com/specials-images/imageserve/64f243d122ef26b25217eea7/0x0.jpg?format=jpg&width=1200,en,2023-09-01T20:19:01.000000Z,forbes.com,,equity,Communication Services,26.047277833333336,0.647478
33b113d2-ed68-462a-8f33-97c2aa080bbe,Should studios cut streamers out of Hollywood strike negotiations?,"Warning of ""an absolute collapse of an entire industry,"" media mogul Barry Diller continues to speak out about the devastating double strike plaguing Hollywood. Read more here.",,"Warning of ""an absolute collapse of an entire industry,"" media mogul Barry Diller continues to speak out about the devastating double strike plaguing Hollywood....",https://seekingalpha.com/news/4008288-should-studios-cut-streamers-out-of-hollywood-strike-negotiations,https://static.seekingalpha.com/cdn/s3/uploads/getty_images/1252652638/image_1252652638.jpg?io=getty-c-w750,en,2023-09-01T11:31:06.000000Z,seekingalpha.com,,equity,Communication Services,22.646538,0.0717
f9e64e05-ded7-420d-b68a-7195ab9719da,How to Capitalize on Netflix’s Accelerating Recovery,"Having at one point last year been down more than 75%, shares of Netflix Inc (NASDAQ:NFLX) have been having what can only be called the mother of all comebacks.",,"Key Points

Shares are up 160% from last year’s low.

Improving fundamentals supports the case for further gains.

Opportunities to capitalize on this abound ...",https://www.valuewalk.com/how-to-capitalize-on-netflixs-accelerating-recovery/,https://www.valuewalk.com/wp-content/uploads/2023/01/Netflix-Stock.jpeg,en,2023-09-01T09:25:14.000000Z,valuewalk.com,,equity,Communication Services,16.6735915,0.727029
26399a42-d03a-46e0-99c5-87f98a8cfe7f,"S&P 500 gives up post-jobs data gains as Tesla, Disney weigh","Investing.com -- The S&P 500 gave up some gains to trade flat Friday, even as a monthly jobs report showing slower wage growth underpinned optimism that slowing inflation will likely persist encouraging the Federal Reserve keep rates steady next month.",,"Investing.com -- The S&P 500 gave up some gains to trade flat Friday, even as a monthly jobs report showing slower wage growth underpinned optimism that slowing...",https://finance.yahoo.com/news/p-500-gives-post-jobs-145957728.html?.tsrc=rss,https://s.yimg.com/cv/apiv2/social/images/yahoo_default_logo-1200x1200.png,en,2023-09-01T14:59:57.000000Z,finance.yahoo.com,,equity,Communication Services,18.787592,-0.5106
785fa2dd-8a3a-4220-85a2-e217a2341668,Stock Market Today: Dow in best week since July as jobs data boost Fed pause bets,"Investing.com -- The Dow on Friday notched its best week since July, as a monthly jobs report showing cooling wage growth in July, underpinned optimism that slowing inflation will likely persist and encourage the Federal Reserve keep rates steady next month.",,"Investing.com -- The Dow on Friday notched its best week since July, as a monthly jobs report showing cooling wage growth in July, underpinned optimism that slo...",https://finance.yahoo.com/news/stock-market-today-dow-best-160556249.html?.tsrc=rss,https://s.yimg.com/cv/apiv2/social/images/yahoo_default_logo-1200x1200.png,en,2023-09-01T16:05:56.000000Z,finance.yahoo.com,,equity,Communication Services,17.884483,-0.5106
a17510b7-1198-4eb6-b302-cb0cd578a436,Morning Reads,Morning Reads,,"Morning reads

Todays Open Interest Change

PREMIUM

Prepper

The U.S. economy is expected to add fewer jobs in August vs. July, but still stay in the sweet spo...",https://www.optionmillionaires.com/morning-reads-314/,https://cdn.discordapp.com/attachments/149913176182489089/1147133516275003422/image.png,en,2023-09-01T11:44:46.000000Z,optionmillionaires.com,,equity,Communication Services,15.034881,0.0717
95091273-ea52-48dd-af82-d95e1b04a04b,Wall Street Breakfast: Employment Situation,"This article discusses expectations for the U.S. jobs report in August, stimulus measures in China, and economic data including personal spending. Read more here.",,"Employment situation

The U.S. economy is expected to add fewer jobs in August vs. July, but still stay in the sweet spot seen for a soft landing. Economists ar...",https://seekingalpha.com/article/4632552-wall-street-breakfast-employment-situation,https://static.seekingalpha.com/cdn/s3/uploads/getty_images/912808702/image_912808702.jpg?io=getty-c-w1536,en,2023-09-01T11:30:38.000000Z,seekingalpha.com,,equity,Communication Services,13.490641,0.0717
2efd521b-b41c-493c-a9bf-cf94ff558531,Long-Term Returns of David Einhorn’s Activist Targets,"In this article, we discuss long-term returns of David Einhorn's 10 activist targets.",,"In this article, we discuss long-term returns of David Einhorn’s 10 activist targets. You can skip our detailed analysis of Einhorn’s activist targets and t...",https://www.insidermonkey.com/blog/long-term-returns-of-david-einhorns-activist-targets-1186679/,https://www.insidermonkey.com/blog/wp-content/uploads/2012/10/David-Einhorn1.jpg,en,2023-09-01T03:20:02.000000Z,insidermonkey.com,,equity,Communication Services,8.3112215,0.5106
9bb46d96-2267-448e-aa40-de35e8560d79,Replay joins Cointelegraph Accelerator By Cointelegraph,How Web3 can prevent Hollywood strikes - Replay joins Cointelegraph Accelerator,,"Published Sep 02, 2023 06:00AM ET Updated Sep 02, 2023 07:40AM ET

NFLX +1.43% Add to/Remove from Watchlist

Streaming video is one of the fastest-growing marke...",https://www.investing.com/news/cryptocurrency-news/how-web3-can-prevent-hollywood-strikes--replay-joins-cointelegraph-accelerator-3166520,https://i-invdn-com.investing.com/news/Cryptocurrencies_800x533_L_1556444923.jpg,en,2023-09-02T11:40:11.000000Z,investing.com,,equity,Communication Services,13.3669,0.5719
8d4c4efc-45c0-45d3-be60-7f1443935983,Make-up artist explains thinking behind Bradley Cooper nose By Reuters,Make-up artist explains thinking behind Bradley Cooper nose,,"Published Sep 02, 2023 01:27PM ET

5/5 © Reuters. Cast member Bradley Cooper attends the premiere of 'Guardians of the Galaxy Vol. 3' in Los Angeles, Californi...",https://www.investing.com/news/stock-market-news/makeup-artist-explains-thinking-behind-bradley-cooper-nose-3166559,https://i-invdn-com.investing.com/news/LYNXNPEB6U08A_L.jpg,en,2023-09-02T17:31:35.000000Z,investing.com,,equity,Communication Services,12.165807,0.0673
84789fe9-a3c0-4967-b8de-92fb81c169cd,"Producer bemoans no buyers for Polanski film in France, US and UK By Reuters","Producer bemoans no buyers for Polanski film in France, US and UK",,"Published Sep 02, 2023 08:57AM ET

4/4 © Reuters. The 80th Venice Film Festival - Photocall for the film ""The Palace"" out of competition - Venice, Italy, Septe...",https://www.investing.com/news/world-news/producer-bemoans-no-buyers-for-polanski-film-in-france-us-and-uk-3166532,https://i-invdn-com.investing.com/news/world_news_2_69x52._800x533_L_1419494365.jpg,en,2023-09-02T13:01:46.000000Z,investing.com,,equity,Communication Services,10.692812,0.5106
